[gd_scene load_steps=2 format=3 uid="uid://cwf00dy7j6lwt"]

[ext_resource type="PackedScene" uid="uid://cfa3t27m54brh" path="res://Assets/Models/Cleric/Cleric.gltf" id="1_n2x10"]

[node name="Cleric2" instance=ExtResource("1_n2x10")]
metadata/AnimatorPath = NodePath("AnimationPlayer")

[node name="Skeleton3D" parent="CharacterArmature" index="0"]
bones/1/rotation = Quaternion(5.88988e-06, 0.702952, 0.711237, 5.91896e-06)
bones/1/scale = Vector3(1, 1, 1)
bones/4/rotation = Quaternion(0.231188, 3.10151e-07, 1.70243e-07, 0.972909)
bones/5/rotation = Quaternion(-0.026251, -8.32046e-07, -5.85557e-09, 0.999655)
bones/6/rotation = Quaternion(-0.0362502, 6.77571e-07, -2.51757e-09, 0.999343)
bones/7/rotation = Quaternion(3.7253e-09, -0.000275475, -1.05731e-12, 1)
bones/7/scale = Vector3(1, 1, 1)
bones/8/rotation = Quaternion(2.98023e-08, 0.000275102, -5.7999e-12, 1)
bones/8/scale = Vector3(1, 1, 1)
bones/9/rotation = Quaternion(-0.0330211, -0.0149535, -0.412281, 0.910335)
bones/9/scale = Vector3(1, 1, 1)
bones/10/rotation = Quaternion(0.709181, 0.529525, 0.35479, -0.301313)
bones/11/rotation = Quaternion(-0.248001, 0.213448, -0.191478, 0.925349)
bones/12/rotation = Quaternion(0.0198003, 0.0174427, -0.00852202, 0.999615)
bones/13/rotation = Quaternion(-0.0626413, -0.0188104, -0.00118083, 0.997858)
bones/15/rotation = Quaternion(-0.171057, 0.0837446, -0.432979, 0.881054)
bones/15/scale = Vector3(1, 1, 1)
bones/16/rotation = Quaternion(-0.0789317, -0.297914, 0.141663, 0.940717)
bones/17/rotation = Quaternion(-0.0330208, 0.0149541, 0.412281, 0.910335)
bones/17/scale = Vector3(1, 1, 1)
bones/18/rotation = Quaternion(0.677842, -0.55417, -0.354733, -0.328009)
bones/18/scale = Vector3(1, 1, 1)
bones/19/rotation = Quaternion(-0.24361, -0.217944, 0.190492, 0.925671)
bones/19/scale = Vector3(1, 1, 1)
bones/20/rotation = Quaternion(0.0198003, -0.0174426, 0.00852204, 0.999615)
bones/21/rotation = Quaternion(-0.0626414, 0.0188104, 0.00118084, 0.997858)
bones/22/rotation = Quaternion(-0.740597, -0.0326893, 0.0585091, 0.668599)
bones/23/rotation = Quaternion(1.02445e-07, -5.12227e-08, -5.82173e-15, 1)
bones/25/rotation = Quaternion(-0.171058, -0.0837446, 0.432979, 0.881054)
bones/25/scale = Vector3(1, 1, 1)
bones/26/rotation = Quaternion(-0.0789317, 0.297914, -0.141663, 0.940717)
bones/28/rotation = Quaternion(0.995472, 0.00855838, -0.000940764, 0.0946593)
bones/29/rotation = Quaternion(0.201978, 0.00209519, 0.00781443, 0.979357)
bones/30/rotation = Quaternion(0.995473, -0.00855847, 0.00094147, 0.0946588)
bones/30/scale = Vector3(1, 1, 0.999995)
bones/31/rotation = Quaternion(0.201978, -0.00209517, -0.00781443, 0.979357)
bones/33/rotation = Quaternion(-6.1438e-06, 0.702952, 0.711237, -5.58376e-06)
bones/33/scale = Vector3(1, 1, 1)

[node name="Head_2" parent="CharacterArmature/Skeleton3D" index="0"]
transform = Transform3D(1, 1.2139e-12, -1.16415e-10, -1.45519e-11, 0.993699, -0.112086, 5.82077e-11, 0.112086, 0.993698, 0.00794286, 2.68817, -0.0738341)

[node name="Cleric_Staff" parent="CharacterArmature/Skeleton3D" index="1"]
transform = Transform3D(0.18342, -0.981138, 0.0610311, 0.912166, 0.193014, 0.361523, -0.366484, -0.0106397, 0.930363, -0.583754, 0.953144, 0.245245)

[node name="ShoulderPads" parent="CharacterArmature/Skeleton3D" index="2"]
transform = Transform3D(1, 2.98073e-12, 0, -3.02691e-12, 0.993699, -0.112086, -1.13687e-13, 0.112086, 0.993699, -5.82077e-11, -0.0328903, 0.00847678)
